     0.00
     5.74
     9.64
    13.55
    17.22
    20.74
    24.26
    27.30
    30.33
    33.35
    36.37
    39.40
    42.39
    45.37
    48.36
    51.34
    54.33
    57.31
    60.30
    63.33
    66.36
    69.39
    72.42
    75.45
    78.48
    81.50
    84.49
    87.48
    90.47
    93.46
    96.45
    99.44
   102.44
   105.43
   108.42
   111.41
   114.40
   117.41
   120.43
   123.45
   126.47
   129.48
   132.50
   135.52
   138.53
   141.55
   144.57
   147.59
   150.60
   153.62
   156.64
   159.66
   162.67
   165.69
   168.71
   171.72
   174.74
   177.76
   180.78
   183.79
   186.79
   189.79
   192.78
   195.77
   198.76
   201.75
   204.74
   207.74
   210.73
   213.72
   216.71
   219.70
   222.63
   225.55
   228.47
   231.40
   234.32
   237.24
   240.16
   243.08
   246.01
   248.93
   251.85
   254.77
   257.69
   260.62
   263.54
   266.45
   269.36
   272.26
   275.16
   278.06
   280.97
   283.87
   286.77
   289.68
   292.58
   295.48
   298.39
   301.29
   304.19
   307.10
   310.00
   312.81
   315.62
   318.44
   321.25
   324.06
   326.88
   329.69
   332.50
   335.31
   338.13
   340.94
   343.75
   346.56
   349.38
   352.19
   355.00
   357.81
   360.62
   363.44
   366.25
   369.06
   371.88
   374.69
   377.50
   380.31
   383.12
   385.94
   388.75
   391.56
   394.38
   397.19
   400.00
   402.78
   405.56
   408.33
   411.11
   413.89
   416.67
   419.44
   422.22
   425.00
   427.78
   430.56
   433.33
   436.11
   438.89
   441.67
   444.44
   447.22
   450.00
   452.63
   455.26
   457.89
   460.53
   463.16
   465.79
   468.42
   471.05
   473.68
   476.32
   478.95
   481.58
   484.21
   486.84
   489.47
   492.11
   494.74
   497.37
   500.00
   502.50
   505.00
   507.50
   510.00
   512.50
   515.00
   517.50
   520.00
   522.50
   525.00
   527.50
   530.00
   532.50
   535.00
   537.50
   540.00
   542.50
   545.00
   547.50
   550.00
   552.63
   555.26
   557.89
   560.53
   563.16
   565.79
   568.42
   571.05
   573.68
   576.32
   578.95
   581.58
   584.21
   586.84
   589.47
   592.11
   594.74
   597.37
   600.00
   602.50
   605.00
   607.50
   610.00
   612.50
   615.00
   617.50
   620.00
   622.50
   625.00
   627.50
   630.00
   632.50
   635.00
   637.50
   640.00
   642.50
   645.00
   647.50
   650.00
   652.50
   655.00
   657.50
   660.00
   662.50
   665.00
   667.50
   670.00
   672.22
   674.43
   676.65
   678.87
   681.09
   683.30
   685.52
   687.74
   689.96
   692.17
   694.39
   696.61
   698.83
   701.04
   703.26
   705.48
   707.70
   709.91
   712.13
   714.35
   716.57
   718.78
   721.00
   723.27
   725.54
   727.82
   730.09
   732.36
   734.64
   736.91
   739.18
   741.46
   743.73
   746.00
   748.27
   750.54
   752.82
   755.09
   757.36
   759.64
   761.91
   764.18
   766.46
   768.73
   771.00
   773.22
   775.44
   777.67
   779.89
   782.11
   784.33
   786.56
   788.78
   791.00
   793.22
   795.44
   797.67
   799.89
   802.11
   804.33
   806.56
   808.78
   811.00
   813.22
   815.44
   817.67
   819.89
   822.11
   824.33
   826.56
   828.78
   831.00
   833.22
   835.44
   837.67
   839.89
   842.11
   844.33
   846.56
   848.78
   851.00
   853.22
   855.44
   857.67
   859.89
   862.11
   864.33
   866.56
   868.78
   871.00
   873.22
   875.44
   877.67
   879.89
   882.11
   884.33
   886.56
   888.78
   891.00
   893.22
   895.45
   897.67
   899.89
   902.11
   904.33
   906.56
   908.78
   911.00
   913.22
   915.44
   917.67
   919.89
   922.11
   924.33
   926.56
   928.78
   931.00
   933.22
   935.44
   937.67
   939.89
   942.11
   944.33
   946.56
   948.78
   951.00
   953.22
   955.44
   957.67
   959.89
   962.11
   964.33
   966.56
   968.78
   971.00
   973.17
   975.35
   977.52
   979.70
   981.87
   984.04
   986.22
   988.39
   990.56
   992.74
   994.91
   997.09
   999.26
  1001.43
  1003.61
  1005.78
  1007.96
  1010.13
  1012.30
  1014.48
  1016.65
  1018.83
  1021.00
  1023.17
  1025.35
  1027.52
  1029.70
  1031.87
  1034.04
  1036.22
  1038.39
  1040.57
  1042.74
  1044.91
  1047.09
  1049.26
  1051.43
  1053.61
  1055.78
  1057.96
  1060.13
  1062.30
  1064.48
  1066.65
  1068.83
  1071.00
  1073.17
  1075.35
  1077.52
  1079.70
  1081.87
  1084.04
  1086.22
  1088.39
  1090.57
  1092.74
  1094.91
  1097.09
  1099.26
  1101.43
  1103.61
  1105.78
  1107.96
  1110.13
  1112.30
  1114.48
  1116.65
  1118.83
  1121.00
  1123.17
  1125.35
  1127.52
  1129.70
  1131.87
  1134.04
  1136.22
  1138.39
  1140.57
  1142.74
  1144.91
  1147.09
  1149.26
  1151.43
  1153.61
  1155.78
  1157.96
  1160.13
  1162.30
  1164.48
  1166.65
  1168.83
  1171.00
  1173.13
  1175.26
  1177.38
  1179.51
  1181.64
  1183.77
  1185.89
  1188.02
  1190.15
  1192.28
  1194.40
  1196.53
  1198.66
  1200.79
  1202.91
  1205.04
  1207.17
  1209.30
  1211.43
  1213.55
  1215.68
  1217.81
  1219.94
  1222.06
  1224.19
  1226.32
  1228.45
  1230.57
  1232.70
  1234.83
  1236.96
  1239.09
  1241.21
  1243.34
  1245.47
  1247.60
  1249.72
  1251.85
  1253.98
  1256.11
  1258.23
  1260.36
  1262.49
  1264.62
  1266.74
  1268.87
  1271.00
  1273.13
  1275.26
  1277.38
  1279.51
  1281.64
  1283.77
  1285.89
  1288.02
  1290.15
  1292.28
  1294.40
  1296.53
  1298.66
  1300.79
  1302.91
  1305.04
  1307.17
  1309.30
  1311.43
  1313.55
  1315.68
  1317.81
  1319.94
  1322.06
  1324.19
  1326.32
  1328.45
  1330.57
  1332.70
  1334.83
  1336.96
  1339.09
  1341.21
  1343.34
  1345.47
  1347.60
  1349.72
  1351.85
  1353.98
  1356.11
  1358.23
  1360.36
  1362.49
  1364.62
  1366.74
  1368.87
  1371.00
  1373.08
  1375.17
  1377.25
  1379.33
  1381.42
  1383.50
  1385.58
  1387.67
  1389.75
  1391.83
  1393.92
  1396.00
  1398.08
  1400.17
  1402.25
  1404.33
  1406.42
  1408.50
  1410.58
  1412.67
  1414.75
  1416.83
  1418.92
  1421.00
  1423.08
  1425.17
  1427.25
  1429.33
  1431.42
  1433.50
  1435.58
  1437.67
  1439.75
  1441.83
  1443.92
  1446.00
  1448.08
  1450.17
  1452.25
  1454.33
  1456.42
  1458.50
  1460.58
  1462.67
  1464.75
  1466.83
  1468.92
  1471.00
  1473.08
  1475.17
  1477.25
  1479.33
  1481.42
  1483.50
  1485.58
  1487.67
  1489.75
  1491.83
  1493.92
  1496.00
  1498.08
  1500.17
  1502.25
  1504.33
  1506.42
  1508.50
  1510.58
  1512.67
  1514.75
  1516.83
  1518.92
  1521.00
  1523.08
  1525.17
  1527.25
  1529.33
  1531.42
  1533.50
  1535.58
  1537.67
  1539.75
  1541.83
  1543.92
  1546.00
  1548.08
  1550.17
  1552.25
  1554.33
  1556.42
  1558.50
  1560.58
  1562.67
  1564.75
  1566.83
  1568.92
  1571.00
  1573.04
  1575.08
  1577.12
  1579.16
  1581.20
  1583.24
  1585.29
  1587.33
  1589.37
  1591.41
  1593.45
  1595.49
  1597.53
  1599.57
  1601.61
  1603.65
  1605.69
  1607.73
  1609.78
  1611.82
  1613.86
  1615.90
  1617.94
  1619.98
  1622.02
  1624.06
  1626.10
  1628.14
  1630.18
  1632.22
  1634.27
  1636.31
  1638.35
  1640.39
  1642.43
  1644.47
  1646.51
  1648.55
  1650.59
  1652.63
  1654.67
  1656.71
  1658.76
  1660.80
  1662.84
  1664.88
  1666.92
  1668.96
  1671.00
  1673.00
  1675.00
  1677.00
  1679.00
  1681.00
  1683.00
  1685.00
  1687.00
  1689.00
  1691.00
  1693.00
  1695.00
  1697.00
  1699.00
  1701.00
  1703.00
  1705.00
  1707.00
  1709.00
  1711.00
  1713.00
  1715.00
  1717.00
  1719.00
  1721.00
  1723.00
  1725.00
  1727.00
  1729.00
  1731.00
  1733.00
  1735.00
  1737.00
  1739.00
  1741.00
  1743.00
  1745.00
  1747.00
  1749.00
  1751.00
  1753.00
  1755.00
  1757.00
  1759.00
  1761.00
  1763.00
  1765.00
  1767.00
  1769.00
  1771.00
  1773.00
  1775.00
  1777.00
  1779.00
  1781.00
  1783.00
  1785.00
  1787.00
  1789.00
  1791.00
  1793.00
  1795.00
  1797.00
  1799.00
  1801.00
  1803.00
  1805.00
  1807.00
  1809.00
  1811.00
  1813.00
  1815.00
  1817.00
  1819.00
  1821.00
  1823.00
  1825.00
  1827.00
  1829.00
  1831.00
  1833.00
  1835.00
  1837.00
  1839.00
  1841.00
  1843.00
  1845.00
  1847.00
  1849.00
  1851.00
  1853.00
  1855.00
  1857.00
  1859.00
  1861.00
  1863.00
  1865.00
  1867.00
  1869.00
  1871.00
  1873.00
  1875.00
  1877.00
  1879.00
  1881.00
  1883.00
  1885.00
  1887.00
  1889.00
  1891.00
  1893.00
  1895.00
  1897.00
  1899.00
  1901.00
  1903.00
  1905.00
  1907.00
  1909.00
  1911.00
  1913.00
  1915.00
  1917.00
  1919.00
  1921.00
  1923.00
  1925.00
  1927.00
  1929.00
  1931.00
  1933.00
  1935.00
  1937.00
  1939.00
  1941.00
  1943.00
  1945.00
  1947.00
  1949.00
  1951.00
  1953.00
  1955.00
  1957.00
  1959.00
  1961.00
  1963.00
  1965.00
  1967.00
  1969.00
  1971.00
  1972.92
  1974.85
  1976.77
  1978.69
  1980.62
  1982.54
  1984.46
  1986.38
  1988.31
  1990.23
  1992.15
  1994.08
  1996.00
  1997.92
  1999.85
  2001.77
  2003.69
  2005.62
  2007.54
  2009.46
  2011.38
  2013.31
  2015.23
  2017.15
  2019.08
  2021.00
  2022.92
  2024.85
  2026.77
  2028.69
  2030.62
  2032.54
  2034.46
  2036.38
  2038.31
  2040.23
  2042.15
  2044.08
  2046.00
  2047.92
  2049.85
  2051.77
  2053.69
  2055.62
  2057.54
  2059.46
  2061.38
  2063.31
  2065.23
  2067.15
  2069.08
  2071.00
  2072.92
  2074.85
  2076.77
  2078.69
  2080.62
  2082.54
  2084.46
  2086.38
  2088.31
  2090.23
  2092.15
  2094.08
  2096.00
  2097.92
  2099.85
  2101.77
  2103.69
  2105.62
  2107.54
  2109.46
  2111.38
  2113.31
  2115.23
  2117.15
  2119.08
  2121.00
  2122.92
  2124.85
  2126.77
  2128.69
  2130.62
  2132.54
  2134.46
  2136.38
  2138.31
  2140.23
  2142.15
  2144.08
  2146.00
  2147.92
  2149.85
  2151.77
  2153.69
  2155.62
  2157.54
  2159.46
  2161.38
  2163.31
  2165.23
  2167.15
  2169.08
  2171.00
  2172.92
  2174.85
  2176.77
  2178.69
  2180.62
  2182.54
  2184.46
  2186.38
  2188.31
  2190.23
  2192.15
  2194.08
  2196.00
  2197.92
  2199.85
  2201.77
  2203.69
  2205.62
  2207.54
  2209.46
  2211.38
  2213.31
  2215.23
  2217.15
  2219.08
  2221.00
  2222.92
  2224.85
  2226.77
  2228.69
  2230.62
  2232.54
  2234.46
  2236.38
  2238.31
  2240.23
  2242.15
  2244.08
  2246.00
  2247.92
  2249.85
  2251.77
  2253.69
  2255.62
  2257.54
  2259.46
  2261.38
  2263.31
  2265.23
  2267.15
  2269.08
  2271.00
  2272.85
  2274.70
  2276.56
  2278.41
  2280.26
  2282.11
  2283.96
  2285.81
  2287.67
  2289.52
  2291.37
  2293.22
  2295.07
  2296.93
  2298.78
  2300.63
  2302.48
  2304.33
  2306.19
  2308.04
  2309.89
  2311.74
  2313.59
  2315.44
  2317.30
  2319.15
  2321.00
  2322.85
  2324.70
  2326.56
  2328.41
  2330.26
  2332.11
  2333.96
  2335.81
  2337.67
  2339.52
  2341.37
  2343.22
  2345.07
  2346.93
  2348.78
  2350.63
  2352.48
  2354.33
  2356.19
  2358.04
  2359.89
  2361.74
  2363.59
  2365.44
  2367.30
  2369.15
  2371.00
  2372.85
  2374.70
  2376.56
  2378.41
  2380.26
  2382.11
  2383.96
  2385.81
  2387.67
  2389.52
  2391.37
  2393.22
  2395.07
  2396.93
  2398.78
  2400.63
  2402.48
  2404.33
  2406.19
  2408.04
  2409.89
  2411.74
  2413.59
  2415.44
  2417.30
  2419.15
  2421.00
  2422.85
  2424.70
  2426.56
  2428.41
  2430.26
  2432.11
  2433.96
  2435.81
  2437.67
  2439.52
  2441.37
  2443.22
  2445.07
  2446.93
  2448.78
  2450.63
  2452.48
  2454.33
  2456.19
  2458.04
  2459.89
  2461.74
  2463.59
  2465.44
  2467.30
  2469.15
  2471.00
  2472.82
  2474.64
  2476.45
  2478.27
  2480.09
  2481.91
  2483.73
  2485.55
  2487.36
  2489.18
  2491.00
  2492.82
  2494.64
  2496.45
  2498.27
  2500.09
  2501.91
  2503.73
  2505.55
  2507.36
  2509.18
  2511.00
  2512.82
  2514.64
  2516.45
  2518.27
  2520.09
  2521.91
  2523.73
  2525.55
  2527.36
  2529.18
  2531.00
  2532.82
  2534.64
  2536.45
  2538.27
  2540.09
  2541.91
  2543.73
  2545.55
  2547.36
  2549.18
  2551.00
  2552.82
  2554.64
  2556.45
  2558.27
  2560.09
  2561.91
  2563.73
  2565.55
  2567.36
  2569.18
  2571.00
  2572.75
  2574.51
  2576.26
  2578.02
  2579.77
  2581.53
  2583.28
  2585.03
  2586.79
  2588.54
  2590.30
  2592.05
  2593.81
  2595.56
  2597.32
  2599.07
  2600.82
  2602.58
  2604.33
  2606.09
  2607.84
  2609.60
  2611.35
  2613.11
  2614.86
  2616.61
  2618.37
  2620.12
  2621.88
  2623.63
  2625.39
  2627.14
  2628.89
  2630.65
  2632.40
  2634.16
  2635.91
  2637.67
  2639.42
  2641.18
  2642.93
  2644.68
  2646.44
  2648.19
  2649.95
  2651.70
  2653.46
  2655.21
  2656.96
  2658.72
  2660.47
  2662.23
  2663.98
  2665.74
  2667.49
  2669.25
  2671.00
  2672.75
  2674.50
  2676.25
  2678.00
  2679.75
  2681.50
  2683.25
  2685.00
  2686.75
  2688.50
  2690.25
  2692.00
  2693.75
  2695.50
  2697.25
  2699.00
  2700.75
  2702.50
  2704.25
  2706.00
  2707.75
  2709.50
  2711.25
  2713.00
  2714.75
  2716.50
  2718.25
  2720.00
  2721.75
  2723.50
  2725.25
  2727.00
  2728.75
  2730.50
  2732.25
  2734.00
  2735.75
  2737.50
  2739.25
  2741.00
  2742.76
  2744.53
  2746.29
  2748.06
  2749.82
  2751.59
  2753.35
  2755.12
  2756.88
  2758.65
  2760.41
  2762.18
  2763.94
  2765.71
  2767.47
  2769.24
  2771.00
  2772.70
  2774.39
  2776.08
  2777.78
  2779.47
  2781.17
  2782.86
  2784.56
  2786.25
  2787.95
  2789.64
  2791.34
  2793.03
  2794.73
  2796.42
  2798.12
  2799.81
  2801.51
  2803.20
  2804.90
  2806.59
  2808.29
  2809.98
  2811.68
  2813.37
  2815.07
  2816.76
  2818.46
  2820.15
  2821.85
  2823.54
  2825.24
  2826.93
  2828.63
  2830.32
  2832.02
  2833.71
  2835.41
  2837.10
  2838.80
  2840.49
  2842.19
  2843.88
  2845.58
  2847.27
  2848.97
  2850.66
  2852.36
  2854.05
  2855.75
  2857.44
  2859.14
  2860.83
  2862.53
  2864.22
  2865.92
  2867.61
  2869.30
  2871.00
  2872.65
  2874.31
  2875.96
  2877.61
  2879.26
  2880.92
  2882.57
  2884.22
  2885.88
  2887.53
  2889.18
  2890.83
  2892.49
  2894.14
  2895.79
  2897.45
  2899.10
  2900.75
  2902.41
  2904.06
  2905.71
  2907.36
  2909.02
  2910.67
  2912.32
  2913.98
  2915.63
  2917.28
  2918.93
  2920.59
  2922.24
  2923.89
  2925.55
  2927.20
  2928.85
  2930.50
  2932.16
  2933.81
  2935.46
  2937.12
  2938.77
  2940.42
  2942.07
  2943.73
  2945.38
  2947.03
  2948.69
  2950.34
  2951.99
  2953.65
  2955.30
  2956.95
  2958.60
  2960.25
