140.8318748154772
139.83837641871492
138.88142018978843
137.96708095635
137.10143354605194
136.29055278654656
135.60282663494135
134.97851329045105
134.3927868671899
133.83377216888644
133.2895939992693
132.745125958935
132.19204539139852
131.61993193633302
131.01785120421653
130.37486880552706
129.560007241642
128.69818838299233
127.82551073955031
126.96430940318444
126.13691946576323
125.48874124290649
124.90264608111535
124.35292666094685
123.82800179378128
123.316290290999
122.76584381666893
122.21175037357781
121.65864433961161
121.10649201876633
120.55525269208641
120.00477239296163
119.45518040408128
118.90647812957458
118.35866697357073
117.8117522790054
117.26576483767718
116.72066211332795
116.1764358610765
115.6330778360416
115.09057928875532
114.54892982503331
114.00812480204556
113.46815679939894
112.9290183967004
112.39070015665274
111.8531893007207
111.31648875171469
110.78059356270593
110.24549878676574
109.71120031656909
109.17769462674221
108.64497347858753
108.1130311006882
107.58186172162739
107.05146057637903
106.52182294955816
105.99293993549067
105.4648049382716
104.93741136199597
104.41074909308024
103.8848094665665
103.35959481245816
102.83510100831462
102.31132393169528
101.78826213617315
101.26591214474438
100.74426420495125
100.2233125453769
99.70305139460447
99.18346897069871
98.66455968088187
98.1463283676475
97.62877255753124
97.11188977706873
96.59568255177012
96.08014717143891
95.5652736901718
95.05105716104005
94.53749263711495
94.02457334247828
93.51229511002965
93.00065531995807
92.48964984982292
91.9792745771836
91.46952139855858
90.96038848592032
90.45187604181804
89.94398159278738
89.43670266536397
88.93003678608346
88.42398148148148
87.91853427809366
87.41369270245563
86.90945428110305
86.40582346987888
85.9027921537588
85.40035236664163
84.89849916159865
84.39722759170112
83.8965203736168
83.39638379063224
82.89682121627801
82.397831826066
81.89941479550805
81.4015771698552
80.90431029301277
80.4076088501242
79.91146954323702
79.41588907439872
78.92085859053068
78.42638074126292
77.93245488679263
77.43907937814357
76.94625256633952
76.45397280240421
75.9622384373614
75.47104782223487
74.98039930804835
74.4902912458256
74.00072198659039
73.51168988136646
73.02319328117758
72.53523053704751
72.0478
71.56090648023616
71.07454022062615
70.58869792321748
70.10337629005767
69.61857101319627
69.1342615670015
68.6504680854733
68.16719221758791
67.68443561232156
67.20220227459096
66.72051143118428
66.23933844876683
65.75867920489802
65.27852957713722
64.79888342469692
64.31972802792404
63.841073672582716
63.362919534184826
62.88526478824225
62.4081065933628
61.93143876691618
61.455270827617746
60.97960442444374
60.50444120637041
60.02978702039268
59.55565062326149
59.08201720510894
58.60888429247068
58.13624941188232
57.664108077097886
57.19245570258927
56.72129608340659
56.250628395061725
55.780451813066556
55.31076434037343
54.84156446280991
54.372854331190695
53.90463394551576
53.43690330578512
52.96966375000558
52.502915600895534
52.0366560434464
51.57088425317007
51.10559940557842
50.640797670924115
50.17647831403859
49.71264581738893
49.249301005463266
48.7864447027497
48.32408273271091
47.862214683102835
47.400833905974686
46.93993875235022
46.47952757325319
46.01959323273891
45.56013642131618
45.101162471361924
44.642672207364264
44.18466645381132
43.727148025711664
43.27011660034691
42.81357083971024
42.357510743801654
41.90193631262117
41.446591599221826
40.99165679012346
40.53736953399588
40.08382794492557
39.631130136999005
39.179933188429544
38.72988012746586
38.28062599549211
37.83206938046932
37.38410887035852
36.93623841908525
36.48872496567209
36.041740009144945
35.595317353516805
35.14949080280065
34.70429416100948
34.25976123215627
33.81592582025403
33.37282172931574
32.930482763354384
32.48852395596822
32.04719016859152
31.60658882832409
31.16676486767778
30.727763219164444
30.289628815295938
29.852406588584113
29.41614147154083
28.980878396677934
28.546662296507286
28.150055669139288
27.745212615520604
27.322123458385114
26.875360489189852
26.399495999391856
25.8132125348
25.197084490800002
24.5753101268
23.9633766428
23.3767712388
22.9169794676
22.5020308396
22.1138403716
21.7441944636
21.384879515599998
20.9978672688
20.6087316048
20.2208980208
19.834369716799998
19.449149892799998
19.065209818
18.682588877999997
18.301302738
17.921363398
17.542782858
17.171247366299998
16.8003385773
16.4278533683
16.052239939299998
15.6719464903
15.2455773354
14.8035507734
14.353343184733333
13.8983501694
13.4419673274
12.987590258733334
12.538614563400001
12.0984358414
11.670449692733333
11.2580517174
10.868820422504538
10.510873110344827
10.177153045614034
9.860264342044767
9.55281111336963
9.247397473321234
8.936627535632184
8.613105414035088
8.269435222262553
7.898221074047187
7.4187163067669175
6.912784594708994
6.404701808669823
5.910094904928989
5.477291325202998
5.128013760861594
4.8049112555629545
4.49919527123357
4.202077269799928
3.8805678298703374
3.5560042841537705
3.2313618554378496
2.9067707022837372
2.6651558751352433
2.395259683543319
2.0553852223602482
1.666353291378599
1.248984690390939
0.8241002191898359
0.4125206775678575
0.03506686531757164
