Region       Radius         P          g     
              (km)        (Gpa)     (m/s2)   
D''               3480      135.75      10.68
                  3600      128.71      10.52
                  3630      126.97      10.48
Lower mantl       3630      126.97      10.48
                  3800      117.35      10.31
                  4000      106.39      10.16
                  4200       95.76      10.05
                  4400       85.43       9.99
                  4600       75.36       9.95
                  4800       65.52       9.93
                  5000        55.9       9.93
                  5200       46.49       9.95
                  5400       37.29       9.97
                  5600       28.29         10
                  5600       28.29         10
                  5701       23.83      10.01
Transition        5701       23.83      10.01
                  5771       21.04         10
                  5771       21.04         10
                  5871       17.13       9.99
                  5971       13.35       9.97
                  5971       13.35       9.97
                  6061        10.2       9.94
                  6151        7.11        9.9
Low Velocit       6151        7.11        9.9
                  6221        4.78       9.88
                  6291        2.45       9.86
LID               6291        2.45       9.86
                6346.6         0.6       9.84
Crust           6346.6         0.6       9.84
                  6356        0.34       9.83
                  6356        0.34       9.83
                  6368         0.3       9.82
Ocean             6368         0.3       9.82
                  6371           0       9.82
