  0.0350668653176
  0.4125206775679
  0.8241002191898
  1.2489846903909
  1.6663532913786
  2.0553852223602
  2.3952596835433
  2.6651558751352
  2.9067707022837
  3.2313618554378
  3.5560042841538
  3.8805678298703
  4.2020772697999
  4.4991952712336
  4.8049112555630
  5.1280137608616
  5.4772913252030
  5.9100949049290
  6.4047018086698
  6.9127845947090
  7.4187163067669
  7.8982210740472
  8.2694352222626
  8.6131054140351
  8.9366275356322
  9.2473974733212
  9.5528111133696
  9.8602643420448
 10.1771530456140
 10.5108731103448
 10.8688204225045
 11.2580517174000
 11.6704496927333
 12.0984358414000
 12.5386145634000
 12.9875902587333
 13.4419673274000
 13.8983501694000
 14.3533431847333
 14.8035507734000
 15.2455773354000
 15.6719464903000
 16.0522399393000
 16.4278533683000
 16.8003385773000
 17.1712473663000
 17.5427828580000
 17.9213633980000
 18.3013027380000
 18.6825888780000
 19.0652098180000
 19.4491498928000
 19.8343697168000
 20.2208980208000
 20.6087316048000
 20.9978672688000
 21.3848795156000
 21.7441944636000
 22.1138403716000
 22.5020308396000
 22.9169794676000
 23.3767712388000
 23.9633766428000
 24.5753101268000
 25.1970844908000
 25.8132125348000
 26.3994959993918
 26.8753604891898
 27.3221234583851
 27.7452126155206
 28.1500556691393
 28.5466622965073
 28.9808783966779
 29.4161414715408
 29.8524065885841
 30.2896288152959
 30.7277632191644
 31.1667648676778
 31.6065888283241
 32.0471901685915
 32.4885239559682
 32.9304827633544
 33.3728217293157
 33.8159258202540
 34.2597612321563
 34.7042941610095
 35.1494908028006
 35.5953173535168
 36.0417400091449
 36.4887249656721
 36.9362384190852
 37.3841088703585
 37.8320693804693
 38.2806259954921
 38.7298801274659
 39.1799331884295
 39.6311301369990
 40.0838279449256
 40.5373695339959
 40.9916567901235
 41.4465915992218
 41.9019363126212
 42.3575107438016
 42.8135708397102
 43.2701166003469
 43.7271480257117
 44.1846664538113
 44.6426722073643
 45.1011624713619
 45.5601364213162
 46.0195932327389
 46.4795275732532
 46.9399387523502
 47.4008339059747
 47.8622146831028
 48.3240827327109
 48.7864447027497
 49.2493010054633
 49.7126458173889
 50.1764783140386
 50.6407976709241
 51.1055994055784
 51.5708842531701
 52.0366560434464
 52.5029156008955
 52.9696637500056
 53.4369033057851
 53.9046339455158
 54.3728543311907
 54.8415644628099
 55.3107643403734
 55.7804518130665
 56.2506283950617
 56.7212960834066
 57.1924557025893
 57.6641080770979
 58.1362494118823
 58.6088842924707
 59.0820172051089
 59.5556506232615
 60.0297870203927
 60.5044412063704
 60.9796044244437
 61.4552708276177
 61.9314387669162
 62.4081065933628
 62.8852647882423
 63.3629195341848
 63.8410736725827
 64.3197280279240
 64.7988834246969
 65.2785295771372
 65.7586792048980
 66.2393384487668
 66.7205114311843
 67.2022022745910
 67.6844356123216
 68.1671922175879
 68.6504680854733
 69.1342615670015
 69.6185710131963
 70.1033762900577
 70.5886979232175
 71.0745402206261
 71.5609064802362
 72.0478000000000
 72.5352305370475
 73.0231932811776
 73.5116898813665
 74.0007219865904
 74.4902912458256
 74.9803993080483
 75.4710478222349
 75.9622384373614
 76.4539728024042
 76.9462525663395
 77.4390793781436
 77.9324548867926
 78.4263807412629
 78.9208585905307
 79.4158890743987
 79.9114695432370
 80.4076088501242
 80.9043102930128
 81.4015771698552
 81.8994147955081
 82.3978318260660
 82.8968212162780
 83.3963837906322
 83.8965203736168
 84.3972275917011
 84.8984991615987
 85.4003523666416
 85.9027921537588
 86.4058234698789
 86.9094542811031
 87.4136927024556
 87.9185342780936
 88.4239814814815
 88.9300367860835
 89.4367026653640
 89.9439815927874
 90.4518760418180
 90.9603884859203
 91.4695213985586
 91.9792745771836
 92.4896498498229
 93.0006553199581
 93.5122951100297
 94.0245733424783
 94.5374926371150
 95.0510571610400
 95.5652736901718
 96.0801471714389
 96.5956825517701
 97.1118897770687
 97.6287725575312
 98.1463283676475
 98.6645596808819
 99.1834689706987
 99.7030513946045
100.2233125453769
100.7442642049512
101.2659121447443
101.7882621361731
102.3113239316952
102.8351010083146
103.3595948124581
103.8848094665664
104.4107490930802
104.9374113619959
105.4648049382716
105.9929399354906
106.5218229495581
107.0514605763790
107.5818617216273
108.1130311006882
108.6449734785875
109.1776946267422
109.7112003165690
110.2454987867657
110.7805935627059
111.3164887517146
111.8531893007207
112.3907001566527
112.9290183967004
113.4681567993989
114.0081248020455
114.5489298250333
115.0905792887553
115.6330778360415
116.1764358610765
116.7206621133279
117.2657648376771
117.8117522790054
118.3586669735707
118.9064781295745
119.4551804040812
120.0047723929616
120.5552526920864
121.1064920187663
121.6586443396116
122.2117503735778
122.7658438166689
123.3162902909990
123.8280017937812
124.3529266609468
124.9026460811153
125.4887412429064
126.1369194657632
126.9643094031844
127.8255107395503
128.6981883829923
129.5600072416420
130.3748688055270
131.0178512042165
131.6199319363330
132.1920453913985
132.7451259589350
133.2895939992693
133.8337721688864
134.3927868671899
134.9785132904510
135.6028266349413
136.2905527865465
137.1014335460519
137.9670809563500
138.8814201897884
139.8383764187149
140.8318748154771
