   3.5066865317571631e-02
   4.1252067756785737e-01
   8.2410021918983578e-01
   1.2489846903909390e+00
   1.6663532913785990e+00
   2.0553852223602478e+00
   2.3952596835433191e+00
   2.6651558751352429e+00
   2.9067707022837368e+00
   3.2313618554378492e+00
   3.5560042841537700e+00
   3.8805678298703370e+00
   4.2020772697999282e+00
   4.4991952712335701e+00
   4.8049112555629536e+00
   5.1280137608615943e+00
   5.4772913252029980e+00
   5.9100949049289877e+00
   6.4047018086698220e+00
   6.9127845947089943e+00
   7.4187163067669166e+00
   7.8982210740471874e+00
   8.2694352222625511e+00
   8.6131054140350880e+00
   8.9366275356321836e+00
   9.2473974733212341e+00
   9.5528111133696303e+00
   9.8602643420447667e+00
   1.0177153045614030e+01
   1.0510873110344820e+01
   1.0868820422504530e+01
   1.1258051717400001e+01
   1.1670449692733330e+01
   1.2098435841400001e+01
   1.2538614563399999e+01
   1.2987590258733331e+01
   1.3441967327400000e+01
   1.3898350169400000e+01
   1.4353343184733330e+01
   1.4803550773400000e+01
   1.5245577335400000e+01
   1.5671946490300000e+01
   1.6052239939299991e+01
   1.6427853368299989e+01
   1.6800338577300000e+01
   1.7171247366299990e+01
   1.7542782857999988e+01
   1.7921363398000000e+01
   1.8301302738000000e+01
   1.8682588877999990e+01
   1.9065209818000000e+01
   1.9449149892799991e+01
   1.9834369716799991e+01
   2.0220898020800000e+01
   2.0608731604799988e+01
   2.0997867268800000e+01
   2.1384879515599991e+01
   2.1744194463600000e+01
   2.2113840371599991e+01
   2.2502030839600000e+01
   2.2916979467600001e+01
   2.3376771238800000e+01
   2.3963376642800000e+01
   2.4575310126800002e+01
   2.5197084490799998e+01
   2.5813212534800002e+01
   2.6399495999391849e+01
   2.6875360489189848e+01
   2.7322123458385111e+01
   2.7745212615520600e+01
   2.8150055669139281e+01
   2.8546662296507279e+01
   2.8980878396677930e+01
   2.9416141471540818e+01
   2.9852406588584110e+01
   3.0289628815295931e+01
   3.0727763219164441e+01
   3.1166764867677781e+01
   3.1606588828324082e+01
   3.2047190168591520e+01
   3.2488523955968212e+01
   3.2930482763354377e+01
   3.3372821729315731e+01
   3.3815925820254030e+01
   3.4259761232156272e+01
   3.4704294161009472e+01
   3.5149490802800642e+01
   3.5595317353516798e+01
   3.6041740009144938e+01
   3.6488724965672091e+01
   3.6936238419085250e+01
   3.7384108870358510e+01
   3.7832069380469321e+01
   3.8280625995492102e+01
   3.8729880127465862e+01
   3.9179933188429537e+01
   3.9631130136998998e+01
   4.0083827944925559e+01
   4.0537369533995872e+01
   4.0991656790123450e+01
   4.1446591599221819e+01
   4.1901936312621160e+01
   4.2357510743801647e+01
   4.2813570839710231e+01
   4.3270116600346910e+01
   4.3727148025711656e+01
   4.4184666453811310e+01
   4.4642672207364257e+01
   4.5101162471361917e+01
   4.5560136421316180e+01
   4.6019593232738913e+01
   4.6479527573253193e+01
   4.6939938752350223e+01
   4.7400833905974679e+01
   4.7862214683102827e+01
   4.8324082732710913e+01
   4.8786444702749691e+01
   4.9249301005463259e+01
   4.9712645817388932e+01
   5.0176478314038590e+01
   5.0640797670924108e+01
   5.1105599405578410e+01
   5.1570884253170071e+01
   5.2036656043446392e+01
   5.2502915600895527e+01
   5.2969663750005580e+01
   5.3436903305785123e+01
   5.3904633945515762e+01
   5.4372854331190688e+01
   5.4841564462809913e+01
   5.5310764340373431e+01
   5.5780451813066549e+01
   5.6250628395061717e+01
   5.6721296083406592e+01
   5.7192455702589271e+01
   5.7664108077097879e+01
   5.8136249411882311e+01
   5.8608884292470670e+01
   5.9082017205108940e+01
   5.9555650623261492e+01
   6.0029787020392682e+01
   6.0504441206370402e+01
   6.0979604424443743e+01
   6.1455270827617738e+01
   6.1931438766916180e+01
   6.2408106593362803e+01
   6.2885264788242253e+01
   6.3362919534184819e+01
   6.3841073672582709e+01
   6.4319728027924043e+01
   6.4798883424696925e+01
   6.5278529577137220e+01
   6.5758679204898016e+01
   6.6239338448766830e+01
   6.6720511431184264e+01
   6.7202202274590960e+01
   6.7684435612321565e+01
   6.8167192217587910e+01
   6.8650468085473307e+01
   6.9134261567001502e+01
   6.9618571013196274e+01
   7.0103376290057653e+01
   7.0588697923217481e+01
   7.1074540220626133e+01
   7.1560906480236156e+01
   7.2047799999999995e+01
   7.2535230537047511e+01
   7.3023193281177583e+01
   7.3511689881366465e+01
   7.4000721986590392e+01
   7.4490291245825603e+01
   7.4980399308048334e+01
   7.5471047822234866e+01
   7.5962238437361407e+01
   7.6453972802404195e+01
   7.6946252566339524e+01
   7.7439079378143575e+01
   7.7932454886792627e+01
   7.8426380741262903e+01
   7.8920858590530685e+01
   7.9415889074398720e+01
   7.9911469543237004e+01
   8.0407608850124205e+01
   8.0904310293012770e+01
   8.1401577169855202e+01
   8.1899414795508051e+01
   8.2397831826065996e+01
   8.2896821216278013e+01
   8.3396383790632242e+01
   8.3896520373616795e+01
   8.4397227591701125e+01
   8.4898499161598650e+01
   8.5400352366641627e+01
   8.5902792153758796e+01
   8.6405823469878882e+01
   8.6909454281103052e+01
   8.7413692702455634e+01
   8.7918534278093645e+01
   8.8423981481481476e+01
   8.8930036786083463e+01
   8.9436702665363967e+01
   8.9943981592787381e+01
   9.0451876041818025e+01
   9.0960388485920305e+01
   9.1469521398558584e+01
   9.1979274577183602e+01
   9.2489649849822925e+01
   9.3000655319958071e+01
   9.3512295110029655e+01
   9.4024573342478277e+01
   9.4537492637114951e+01
   9.5051057161040035e+01
   9.5565273690171793e+01
   9.6080147171438895e+01
   9.6595682551770125e+01
   9.7111889777068725e+01
   9.7628772557531235e+01
   9.8146328367647484e+01
   9.8664559680881865e+01
   9.9183468970698712e+01
   9.9703051394604472e+01
   1.0022331254537690e+02
   1.0074426420495119e+02
   1.0126591214474431e+02
   1.0178826213617310e+02
   1.0231132393169520e+02
   1.0283510100831460e+02
   1.0335959481245810e+02
   1.0388480946656640e+02
   1.0441074909308020e+02
   1.0493741136199590e+02
   1.0546480493827160e+02
   1.0599293993549060e+02
   1.0652182294955810e+02
   1.0705146057637900e+02
   1.0758186172162731e+02
   1.0811303110068820e+02
   1.0864497347858750e+02
   1.0917769462674219e+02
   1.0971120031656901e+02
   1.1024549878676569e+02
   1.1078059356270590e+02
   1.1131648875171460e+02
   1.1185318930072070e+02
   1.1239070015665270e+02
   1.1292901839670040e+02
   1.1346815679939890e+02
   1.1400812480204550e+02
   1.1454892982503330e+02
   1.1509057928875529e+02
   1.1563307783604149e+02
   1.1617643586107650e+02
   1.1672066211332790e+02
   1.1726576483767710e+02
   1.1781175227900540e+02
   1.1835866697357071e+02
   1.1890647812957450e+02
   1.1945518040408120e+02
   1.2000477239296160e+02
   1.2055525269208640e+02
   1.2110649201876630e+02
   1.2165864433961160e+02
   1.2221175037357780e+02
   1.2276584381666891e+02
   1.2331629029099901e+02
   1.2382800179378120e+02
   1.2435292666094681e+02
   1.2490264608111529e+02
   1.2548874124290640e+02
   1.2613691946576320e+02
   1.2696430940318440e+02
   1.2782551073955030e+02
   1.2869818838299230e+02
   1.2956000724164201e+02
   1.3037486880552700e+02
   1.3101785120421650e+02
   1.3161993193633299e+02
   1.3219204539139849e+02
   1.3274512595893501e+02
   1.3328959399926930e+02
   1.3383377216888641e+02
   1.3439278686718990e+02
   1.3497851329045099e+02
   1.3560282663494129e+02
   1.3629055278654650e+02
   1.3710143354605191e+02
   1.3796708095635000e+02
   1.3888142018978840e+02
   1.3983837641871489e+02
   1.4083187481547711e+02
