   3.5066865317571633e-01
   1.7658780408755923e+01
   3.1029237371047820e+01
   4.3826407792922950e+01
   5.6397206392551361e+01
   6.8114527824068063e+01
   7.8351266741608072e+01
   8.6463910411788405e+01
   9.3722724961313972e+01
   1.0347439050671649e+02
   1.1322759651964115e+02
   1.2297843265704876e+02
   1.3263751454334547e+02
   1.4156380643190982e+02
   1.5074840681948788e+02
   1.6045534903876035e+02
   1.7094866642240765e+02
   1.8395134907511979e+02
   1.9881078395145386e+02
   2.1407507366078522e+02
   2.2899173709029853e+02
   2.4295789536059769e+02
   2.5376995792997724e+02
   2.6377976934082778e+02
   2.7320274375627719e+02
   2.8225429533945345e+02
   2.9114983825348440e+02
   3.0010478666149811e+02
   3.0933455472662229e+02
   3.1888208886699488e+02
   3.2910915492870089e+02
   3.4023004906857147e+02
   3.5201284836380944e+02
   3.6424102404000001e+02
   3.7681755895428569e+02
   3.8964543596380946e+02
   4.0243299807936512e+02
   4.1450661823809526e+02
   4.2654347049559073e+02
   4.3845372416402120e+02
   4.5014754855555555e+02
   4.6142715582804237e+02
   4.7148782908201036e+02
   4.8142469228306851e+02
   4.9127879834126986e+02
   5.0105491985421975e+02
   5.1055710634271071e+02
   5.2023947309462915e+02
   5.2995659176470588e+02
   5.3970815544757011e+02
   5.4949385723785167e+02
   5.5931329649104839e+02
   5.6916546590281314e+02
   5.7905110027621481e+02
   5.8897011776982072e+02
   5.9892243654219953e+02
   6.0865289107240119e+02
   6.1766796145232979e+02
   6.2694223154551958e+02
   6.3668177733763446e+02
   6.4709267481433699e+02
   6.5862866907383511e+02
   6.7302041276295972e+02
   6.8687809928403590e+02
   7.0095863981408070e+02
   7.1491131524995524e+02
   7.2818813810281995e+02
   7.3896444157133965e+02
   7.4908171957329512e+02
   7.5866288658465942e+02
   7.6783085708140527e+02
   7.7670360658905065e+02
   7.8635285325950963e+02
   7.9602536603424039e+02
   8.0572014641298028e+02
   8.1543619589546518e+02
   8.2517251598143207e+02
   8.3492810817061741e+02
   8.4470197396275739e+02
   8.5449311485758938e+02
   8.6430053235484922e+02
   8.7412183918565279e+02
   8.8395159398479404e+02
   8.9379835156120066e+02
   9.0366136071458391e+02
   9.1353987024465494e+02
   9.2343312895112535e+02
   9.3334038563370666e+02
   9.4326088909210978e+02
   9.5319388812604643e+02
   9.6313863153522777e+02
   9.7304584500779367e+02
   9.8278411696672435e+02
   9.9253534772808916e+02
   1.0023017419014318e+03
   1.0120855040962942e+03
   1.0218941334130217e+03
   1.0317353901070774e+03
   1.0415949898694755e+03
   1.0514707997852925e+03
   1.0613606869396046e+03
   1.0712594850569817e+03
   1.0811632770391661e+03
   1.0910776269502223e+03
   1.1010025347901501e+03
   1.1109380005589489e+03
   1.1208840533437242e+03
   1.1308407001600924e+03
   1.1408078798122156e+03
   1.1507855743764387e+03
   1.1607737659291067e+03
   1.1707723385489824e+03
   1.1805629915483576e+03
   1.1903588502863906e+03
   1.2001650304591462e+03
   1.2099815671139409e+03
   1.2198086015462209e+03
   1.2296461425178163e+03
   1.2394940662569379e+03
   1.2493523552399274e+03
   1.2592209919431266e+03
   1.2690998810962467e+03
   1.2789890383245499e+03
   1.2888885450254281e+03
   1.2987984187225404e+03
   1.3087186769395448e+03
   1.3186493795065915e+03
   1.3285905195646283e+03
   1.3385420686756788e+03
   1.3485040268397431e+03
   1.3584763940568212e+03
   1.3684591246135292e+03
   1.3782895716229048e+03
   1.3880747626487857e+03
   1.3978701809270119e+03
   1.4076758435987085e+03
   1.4174916717647050e+03
   1.4273177607582261e+03
   1.4371542038484188e+03
   1.4470010524586589e+03
   1.4568583580123220e+03
   1.4667264284068692e+03
   1.4766050815892670e+03
   1.4864941960003689e+03
   1.4963937373579247e+03
   1.5063036713796841e+03
   1.5162238001713567e+03
   1.5261542522699547e+03
   1.5360950867480813e+03
   1.5460463207468617e+03
   1.5560079714074207e+03
   1.5659798248885077e+03
   1.5758512033515858e+03
   1.5856207001781877e+03
   1.5954006388452087e+03
   1.6051911031420927e+03
   1.6149925937463734e+03
   1.6248047198696731e+03
   1.6346274001112461e+03
   1.6444606009553152e+03
   1.6543042888861032e+03
   1.6641580546759685e+03
   1.6740223155125504e+03
   1.6838971589558157e+03
   1.6937826520373203e+03
   1.7036788617886177e+03
   1.7135859865253560e+03
   1.7235039284792192e+03
   1.7334327211659852e+03
   1.7433723981014307e+03
   1.7533229928013334e+03
   1.7632845387814702e+03
   1.7732055178199575e+03
   1.7829610414570288e+03
   1.7927273644966076e+03
   1.8025045196889678e+03
   1.8122925397843808e+03
   1.8220914575331208e+03
   1.8319013056854599e+03
   1.8417221169916720e+03
   1.8515539041588622e+03
   1.8613966145628003e+03
   1.8712504240342444e+03
   1.8811153980737392e+03
   1.8909916021818312e+03
   1.9008791419167437e+03
   1.9107781891969412e+03
   1.9206886040968820e+03
   1.9306104029917028e+03
   1.9405436022565400e+03
   1.9504881348897939e+03
   1.9604438760992780e+03
   1.9704111691487908e+03
   1.9801537687078178e+03
   1.9898930003848766e+03
   1.9996438389371353e+03
   2.0094064414802638e+03
   2.0191807217443106e+03
   2.0289667276182279e+03
   2.0387645069909672e+03
   2.0485741077514804e+03
   2.0583955777887199e+03
   2.0682289649916365e+03
   2.0780743172491830e+03
   2.0879316824503112e+03
   2.0978010566734483e+03
   2.1076824753111891e+03
   2.1175760952557225e+03
   2.1274819963219679e+03
   2.1374002583248457e+03
   2.1473309319867367e+03
   2.1572740979872224e+03
   2.1672298875154265e+03
   2.1770234651258493e+03
   2.1867230959881490e+03
   2.1964353673954606e+03
   2.2061603491539272e+03
   2.2158979937468953e+03
   2.2256483477117940e+03
   2.2354114575860526e+03
   2.2451872322597264e+03
   2.2549757769591138e+03
   2.2647773133575010e+03
   2.2745919500422260e+03
   2.2844197956006228e+03
   2.2942610335220170e+03
   2.3041157292251100e+03
   2.3139839099239530e+03
   2.3238656531809293e+03
   2.3337610365584233e+03
   2.3436700162181733e+03
   2.3535927551885529e+03
   2.3635294437533507e+03
   2.3734055282766076e+03
   2.3830704484740695e+03
   2.3927493014895495e+03
   2.4024421733702229e+03
   2.4121491510691149e+03
   2.4218703399040546e+03
   2.4316058451928652e+03
   2.4413558172767462e+03
   2.4511203204873341e+03
   2.4608994297758140e+03
   2.4706932354146115e+03
   2.4805018276761443e+03
   2.4903251532244599e+03
   2.5001634452445055e+03
   2.5100168759497355e+03
   2.5198855807487830e+03
   2.5297696950502791e+03
   2.5396693035773997e+03
   2.5495845960050456e+03
   2.5595157319950349e+03
   2.5694628620014068e+03
   2.5791598635583077e+03
   2.5888246762481313e+03
   2.5985053307721064e+03
   2.6082017327124536e+03
   2.6179138572560782e+03
   2.6276416795898845e+03
   2.6373829150925440e+03
   2.6471402845877310e+03
   2.6569145076411878e+03
   2.6667061797124443e+03
   2.6764334043107933e+03
   2.6854761231749276e+03
   2.6947523422412637e+03
   2.7044667186891475e+03
   2.7148239096979300e+03
   2.7262782026174368e+03
   2.7408994385178116e+03
   2.7557501851646603e+03
   2.7707963514309017e+03
   2.7854887598007158e+03
   2.7993784455487557e+03
   2.8103383727991450e+03
   2.8206011125511304e+03
   2.8303530464442924e+03
   2.8397805561182104e+03
   2.8490612613511812e+03
   2.8583370256060184e+03
   2.8678656852361914e+03
   2.8778496583599599e+03
   2.8884913630955903e+03
   2.8991330678312206e+03
   2.9097747725668510e+03
   2.9204164773024813e+03
   2.9310581820381117e+03
   2.9416998867737420e+03
   2.9523415915093724e+03
