 0.03506686531757
 0.41252067756785
 0.82410021918983
 1.24898469039093
 1.66635329137859
 2.05538522236024
 2.39525968354331
 2.66515587513524
 2.90677070228373
 3.23136185543784
 3.55600428415377
 3.88056782987033
 4.20207726979992
 4.49919527123357
 4.80491125556295
 5.12801376086159
 5.47729132520299
 5.91009490492898
 6.40470180866982
 6.91278459470899
 7.41871630676691
 7.89822107404718
 8.26943522226255
 8.61310541403508
 8.93662753563218
 9.24739747332123
 9.55281111336963
 9.86026434204476
 10.1771530456140
 10.5108731103448
 10.8688204225045
 11.2580517174
 11.6704496927333
 12.0984358414
 12.5386145634000
 12.9875902587333
 13.4419673274
 13.8983501694
