140.8318748154771
139.8383764187149
138.8814201897884
137.96708095635
137.1014335460519
136.2905527865465
135.6028266349413
134.978513290451
134.3927868671899
133.8337721688864
133.2895939992693
132.745125958935
132.1920453913985
131.619931936333
131.0178512042165
130.374868805527
129.560007241642
128.6981883829923
127.8255107395503
126.9643094031844
126.1369194657632
125.4887412429064
124.9026460811153
124.3529266609468
123.8280017937812
123.316290290999
122.7658438166689
122.2117503735778
121.6586443396116
121.1064920187663
120.5552526920864
120.0047723929616
119.4551804040812
118.9064781295745
118.3586669735707
117.8117522790054
117.2657648376771
116.7206621133279
116.1764358610765
115.6330778360415
115.0905792887553
114.5489298250333
114.0081248020455
113.4681567993989
112.9290183967004
112.3907001566527
111.8531893007207
111.3164887517146
110.7805935627059
110.2454987867657
109.711200316569
109.1776946267422
108.6449734785875
108.1130311006882
107.5818617216273
107.051460576379
106.5218229495581
105.9929399354906
105.4648049382716
104.9374113619959
104.4107490930802
103.8848094665664
103.3595948124581
102.8351010083146
102.3113239316952
101.7882621361731
101.2659121447443
100.7442642049512
100.2233125453769
99.70305139460447
99.18346897069871
98.66455968088186
98.14632836764749
97.62877255753123
97.11188977706872
96.59568255177012
96.0801471714389
95.56527369017179
95.05105716104004
94.53749263711495
94.02457334247827
93.51229511002965
93.00065531995807
92.48964984982292
91.9792745771836
91.46952139855858
90.96038848592031
90.45187604181803
89.94398159278738
89.43670266536396
88.93003678608346
88.42398148148147
87.91853427809365
87.41369270245563
86.90945428110305
86.40582346987888
85.90279215375879
85.40035236664162
84.89849916159865
84.39722759170112
83.89652037361679
83.39638379063224
82.89682121627801
82.39783182606599
81.89941479550805
81.4015771698552
80.90431029301277
80.4076088501242
79.91146954323701
79.41588907439872
78.92085859053068
78.42638074126291
77.93245488679262
77.43907937814357
76.94625256633952
76.4539728024042
75.9622384373614
75.47104782223486
74.98039930804834
74.4902912458256
74.00072198659039
73.51168988136646
73.02319328117758
72.53523053704751
72.04779999999999
71.56090648023615
71.07454022062614
70.58869792321748
70.10337629005766
69.61857101319627
69.1342615670015
68.6504680854733
68.16719221758791
67.68443561232156
67.20220227459096
66.72051143118427
66.23933844876683
65.75867920489801
65.27852957713722
64.79888342469692
64.31972802792404
63.84107367258271
63.36291953418482
62.88526478824225
62.4081065933628
61.93143876691618
61.45527082761774
60.97960442444374
60.5044412063704
60.02978702039268
59.55565062326149
59.08201720510894
58.60888429247067
58.13624941188231
57.66410807709788
57.19245570258927
56.72129608340659
56.25062839506172
55.78045181306655
55.31076434037343
54.84156446280991
54.37285433119069
53.90463394551576
53.43690330578512
52.96966375000558
52.50291560089553
52.03665604344639
51.57088425317007
51.10559940557841
50.64079767092411
50.17647831403859
49.71264581738893
49.24930100546326
48.78644470274969
48.32408273271091
47.86221468310283
47.40083390597468
46.93993875235022
46.47952757325319
46.01959323273891
45.56013642131618
45.10116247136192
44.64267220736426
44.18466645381131
43.72714802571166
43.27011660034691
42.81357083971023
42.35751074380165
41.90193631262116
41.44659159922182
40.99165679012345
40.53736953399587
40.08382794492556
39.631130136999
39.17993318842954
38.72988012746586
38.2806259954921
37.83206938046932
37.38410887035851
36.93623841908525
36.48872496567209
36.04174000914494
35.5953173535168
35.14949080280064
34.70429416100947
34.25976123215627
33.81592582025403
33.37282172931573
32.93048276335438
32.48852395596821
32.04719016859152
31.60658882832408
31.16676486767778
30.72776321916444
30.28962881529593
29.85240658858411
29.41614147154082
28.98087839667793
28.54666229650728
28.15005566913928
27.7452126155206
27.32212345838511
26.87536048918985
26.39949599939185
25.8132125348
25.1970844908
24.5753101268
23.9633766428
23.3767712388
22.9169794676
22.5020308396
22.11384037159999
21.7441944636
21.38487951559999
20.9978672688
20.60873160479999
20.2208980208
19.83436971679999
19.44914989279999
19.065209818
18.68258887799999
18.301302738
17.921363398
17.54278285799999
17.17124736629999
16.8003385773
16.42785336829999
16.05223993929999
15.6719464903
15.2455773354
14.8035507734
14.35334318473333
13.8983501694
13.4419673274
12.98759025873333
12.5386145634
12.0984358414
11.67044969273333
11.2580517174
10.86882042250453
10.51087311034482
10.17715304561403
9.860264342044766
9.55281111336963
9.247397473321234
8.936627535632183
8.613105414035088
8.269435222262552
7.898221074047187
7.418716306766917
6.912784594708994
6.404701808669822
5.910094904928988
5.477291325202998
5.128013760861594
4.804911255562954
4.49919527123357
4.202077269799928
3.880567829870337
3.55600428415377
3.231361855437849
2.906770702283737
2.665155875135243
2.395259683543319
2.055385222360248
1.666353291378599
1.248984690390939
0.8241002191898358
0.4125206775678574
0.03506686531757163